4
1
2
7
8
3
5
10
11
17
6
7
8
9
10
1
2
3
4
5
12
9
8
5
10
16
14
7
15
13
1
6
2
4
3
2
1
6
16
14
22
7
12
20
21
5
9
18
8
19
6
2
14
1
7
24
12
9
18
5
8
20
21
23
19
22
6
2
24
1
16
7
12
14
9
8
25
20
26
27
15
23
18
5
19
16
8
6
2
7
24
4
12
1
25
20
15
28
29
32
21
5
26
27
19
9
23
14
31
30
16
6
2
20
24
1
34
28
33
35
31
14
18
26
21
7
9
12
15
23
25
32
19
5
27
6
8
2
9
7
14
28
37
36
38
20
1
24
34
31
21
32
5
19
27
25
23
15
18
33
1
20
6
22
8
24
9
37
7
28
36
21
38
23
18
26
5
27
33
19
24
14
20
9
1
25
39
7
36
37
1
24
25
20
14
39
22
7
9
34
32
40
28
21
15
38
5
27
18
37
1
24
9
20
6
40
7
32
41
28
37
15
19
38
33
1
20
7
24
39
43
42
15
21
38
0
18
27
28
33
7
44
9
42
43
28
33
38
19
27
15
21
37
26
45
1
24
39
20
14
32
14
15
44
46
28
21
26
0
33
20
7
39
1
24
1
6
20
9
44
46
37
26
27
47
20
39
7
1
6
44
21
28
41
50
48
32
15
9
49
46
37
26
33
18
14
52
21
15
44
28
51
37
41
46
39
1
20
32
48
38
26
27
33
50
1
32
39
52
14
53
37
9
15
44
38
33
26
50
46
15
46
44
26
9
20
1
52
48
37
54
21
51
37
38
53
7
1
14
28
44
26
33
46
50
46
38
33
26
59
7
58
55
28
14
37
0
57
44
56
26
44
38
61
59
7
57
51
28
21
0
37
28
53
52
44
38
26
33
56
7
1
14
37
28
60
26
44
63
64
38
46
56
61
33
7
1
60
37
57
68
71
70
62
0
67
26
66
69
28
64
44
38
56
65
38
73
69
63
44
7
67
60
1
68
28
33
56
46
61
72
58
71
57
26
67
72
7
1
53
58
37
73
38
60
14
69
64
26
74
46
56
33
63
65
58
71
72
7
37
38
69
73
21
76
63
56
75
46
61
58
37
38
14
71
55
21
69
73
64
57
77
33
46
65
58
67
37
38
72
14
57
55
69
66
64
73
33
75
46
58
67
72
14
37
55
64
57
38
21
78
60
73
63
46
58
14
78
71
55
81
46
33
75
80